10.02390108742776
9.839937900627378
9.545833072771117
9.22757716561153
8.699880582023189
8.032165078490465
7.768916756255372
7.562710754366737
7.50386321301214
8.157742206699151
8.120078022925679
8.301013505253133
8.235358157093806
8.110985294253192
8.02184801455266
7.86585712770399
7.889158612932792
7.876592769863956
7.967222791783218
7.620704261694614
7.432484183905558
7.719259070612917
7.573093543256982
7.461946779299234
7.519506316273428
7.5284802925443595
7.754097675224253
7.390654041339477
7.319119655444819
7.1329940184565395
7.189618739091588
7.746723287310845
7.439928589851186
7.511753056224592
7.649911645300865
7.818639102673722
7.732529157799375
7.621428112510793
7.528977355698132
7.246514139402278
7.310102092744158
7.300158505206403
7.1944666247860045
7.625778177310285
7.230455485353268
7.343106487097858
7.17364947449422
7.31494245888479
7.275041270218726
7.172163158577396
7.085931094895167
7.025369238743166
7.056743937977187
7.123319880498647
7.244727991230126
6.724304401118937
6.950031303349139
6.761097410103438
7.109688752444823
6.767883276950569
6.78975697335577
6.760690340082192
6.953850925788833
7.030604443529058
6.9675029599355005
6.885720959070525
6.835115267692997
6.830271075010955
6.9148416608382615
6.878519749347813
6.743292737411454
6.845184337468682
6.50883115548471
6.730625288307247
6.804098882894012
6.744954033297076
6.727067242728892
7.3898054856712845
7.137335681387479
7.143876315976882
7.309288033512956
7.150220148402545
7.11651204808338
6.9771273886958625
6.887177507457923
6.982225905043026
7.146193110442727
7.043196819971175
7.104298572801162
7.013117694998286
7.157344906214578
6.962638926180675
7.19581771319785
7.0666121407576545
7.198623631313861
6.974278458951574
6.877600731178409
6.851920798133841
6.931507534331407
7.031565361733707
6.980362565545748
7.037521157147275
6.901898360944827
6.564972460048715
6.763642518595075
6.713048179567174
7.1097194638252805
7.336225096372034
7.09746715954946
7.66863852066099
6.958749394229758
7.281211363836579
7.074001995740179
7.175206340083372
7.129522423471753
6.8026015423897155
6.780972206706306
6.975356847319624
6.826112164452638
6.765741749939737
6.786675787846548
6.875769358664679
6.627848801509071
6.561684537007322
6.624020902516593
6.970108166570533
6.991314241333776
6.974592121928422
7.117222360421158
7.064243323895923
6.951802736616829
6.865025355977196
6.6493945896763105
6.577483420876683
6.583313360941268
6.546475363903601
6.776393617997507
6.475382203117251
6.551626025278216
6.568338680256863
6.528025604705281
6.393774362797441
6.561251760394596
6.363797007641881
7.2374478552734365
6.7024464823539445
6.878210773329426
7.0478673824024956
6.592650451405672
6.8191796910234945
6.4850260122684995
6.732887033699643
6.741342228650912
6.406987358332113
6.498912756736393
6.275608885283041
6.568140130236861
7.478352035211011
6.992469352896226
7.532907674865578
7.2789684812739175
7.215500915218154
7.022311526142669
6.99848664315149
6.9656190532843745
6.891890053041274
6.81911472536822
6.923368696542623
6.878591828550012
7.023281731727424
6.8676566360497375
6.674998555434556
6.61912358053795
6.793150668216191
6.7920643096296605
6.772185973142047
6.556391264558629
6.931802748054249
7.178153311695164
6.651754234104681
6.592036044025924
6.639532677948724
6.381274283265352
6.460767831877019
6.275293378472972
6.791894316050364
6.651117935379158
6.414641825839394
6.410079761650723
